Diffusion wrong dataloader
Input to eval: nagent_pos tensor(
    [[[ 0.2813, -0.9810, -0.7764, -0.2727, -0.7934, -0.9268,  0.1803, 0.9988],
      [ 0.2744, -0.9759, -0.8418, -0.3204, -0.8400, -0.9045,  0.1710, 0.9988]]], device='cuda:0')

Input to eval: naction tensor(
       [[[-0.9285,  0.1404,  0.9167,  0.9974],
         [-0.9158,  0.1332,  0.9000,  0.9974],
         [-0.9040,  0.1259,  0.8827,  0.9974],
         [-0.8866,  0.1132,  0.8539,  0.9974],
         [-0.8667,  0.0992,  0.8245,  0.9974],
         [-0.8495,  0.0864,  0.7992,  0.9974],
         [-0.8317,  0.0734,  0.7751,  0.9974],
         [-0.8117,  0.0590,  0.7482,  0.9974],
         [-0.7913,  0.0448,  0.7227,  0.9974],
         [-0.7757,  0.0344,  0.7050,  0.9974],
         [-0.7574,  0.0216,  0.6830,  0.9974],
         [-0.7384,  0.0085,  0.6625,  0.9974],
         [-0.7198, -0.0031,  0.6483,  0.9974],
         [-0.6988, -0.0158,  0.6335,  0.9974],
         [-0.6682, -0.0342,  0.6124,  0.9974],
         [-0.6455, -0.0458,  0.5971,  0.9974]]], device='cuda:0')

Output of eval: model_actions tensor(
       [[[-0.6783,  0.1895,  0.8529,  0.9429],
         [-0.7373,  0.1324,  0.7601,  0.9026],
         [-0.6715,  0.1937,  0.8317,  0.9435],
         [-0.6905,  0.1635,  0.8076,  0.8618],
         [-0.7089,  0.1374,  0.7927,  0.9132],
         [-0.7398,  0.1175,  0.8115,  0.8853],
         [-0.7170,  0.1872,  0.8201,  0.8896],
         [-0.7244,  0.1483,  0.8116,  0.8849],
         [-0.7314,  0.1579,  0.8227,  0.8994],
         [-0.7576,  0.1611,  0.8259,  0.8962],
         [-0.7299,  0.1675,  0.8326,  0.9120],
         [-0.7494,  0.1277,  0.8166,  0.9007],
         [-0.7562,  0.1358,  0.8433,  0.9370],
         [-0.7696,  0.1879,  0.8101,  0.9134],
         [-0.7736,  0.1435,  0.8117,  0.8841],
         [-0.7778,  0.2865,  0.8422,  0.9168]]], device='cuda:0')

Input to eval unnorm: nagent_pos tensor(
        [[[-0.0056, -0.7719, -0.0137, -2.3891, -0.0157,  1.6154,  0.7826, 0.0797],
          [-0.0078, -0.7683, -0.0173, -2.3987, -0.0161,  1.6288,  0.7795, 0.0797]]], device='cuda:0')

Input to eval unnorm: naction tensor(
       [[[ 0.3258, -0.0188,  0.4545,  0.0799],
         [ 0.3274, -0.0202,  0.4506,  0.0799],
         [ 0.3288, -0.0217,  0.4466,  0.0799],
         [ 0.3310, -0.0242,  0.4399,  0.0799],
         [ 0.3334, -0.0270,  0.4331,  0.0799],
         [ 0.3355, -0.0295,  0.4272,  0.0799],
         [ 0.3377, -0.0321,  0.4216,  0.0799],
         [ 0.3402, -0.0350,  0.4153,  0.0799],
         [ 0.3427, -0.0378,  0.4094,  0.0799],
         [ 0.3446, -0.0399,  0.4053,  0.0799],
         [ 0.3469, -0.0424,  0.4002,  0.0799],
         [ 0.3492, -0.0450,  0.3954,  0.0799],
         [ 0.3515, -0.0473,  0.3921,  0.0799],
         [ 0.3541, -0.0498,  0.3887,  0.0799],
         [ 0.3579, -0.0535,  0.3838,  0.0799],
         [ 0.3607, -0.0558,  0.3802,  0.0799]]], device='cuda:0')

Output of eval unnorm: model_actions tensor(
       [[[ 0.3566, -0.0091,  0.4397,  0.0780],
         [ 0.3494, -0.0204,  0.4181,  0.0766],
         [ 0.3575, -0.0082,  0.4347,  0.0780],
         [ 0.3551, -0.0142,  0.4291,  0.0752],
         [ 0.3529, -0.0194,  0.4257,  0.0770],
         [ 0.3491, -0.0234,  0.4300,  0.0760],
         [ 0.3519, -0.0095,  0.4321,  0.0762],
         [ 0.3509, -0.0172,  0.4301,  0.0760],
         [ 0.3501, -0.0153,  0.4326,  0.0765],
         [ 0.3469, -0.0147,  0.4334,  0.0764],
         [ 0.3503, -0.0134,  0.4349,  0.0770],
         [ 0.3479, -0.0213,  0.4312,  0.0766],
         [ 0.3470, -0.0197,  0.4374,  0.0778],
         [ 0.3454, -0.0094,  0.4297,  0.0770],
         [ 0.3449, -0.0182,  0.4301,  0.0760],
         [ 0.3444,  0.0102,  0.4372,  0.0771]]], device='cuda:0')


BC model new dataloader: BCTrainer_dataset_toy_expt_first_try_lr_0.0001_bs_256_epochs_400_loss_mse_loss_04-12-2023_16-41-18

Input to eval: nagent_pos tensor(
       [[[ 0.2958, -1.0000, -0.5367, -0.1135,  0.9978, -1.0000,  0.1950, 0.9988],
         [ 0.2958, -1.0000, -0.5367, -0.1135,  0.9970, -1.0000,  0.1950, 0.9988]]], device='cuda:0')
Input to eval: naction tensor
      ([[[-0.9999,  0.1794,  0.9998,  0.9974]]], device='cuda:0')
Output of eval: model_actions tensor
     ([[-0.9976,  0.1765,  1.0059,  0.9978]], device='cuda:0')

Input to eval unnorm: nagent_pos tensor(
        [[[-9.7466e-04, -7.8510e-01, -5.1548e-04, -2.3568e+00, -3.5178e-04, 1.5714e+00,  7.8741e-01,  7.9723e-02],
          [-9.7114e-04, -7.8510e-01, -5.1609e-04, -2.3568e+00, -3.5840e-04, 1.5714e+00,  7.8742e-01,  7.9723e-02]]], device='cuda:0')
Input to eval unnorm: naction tensor
        ([[[ 0.3170, -0.0111,  0.4738,  0.0799]]], device='cuda:0')
Output of eval unnorm: model_actions tensor
        ([[ 0.3173, -0.0116,  0.4752,  0.0799]], device='cuda:0')